1
0 -46 47
0 -45 47
0 -43 47
0 -42 43
0 -41 43
0 -41 47
0 -40 41
0 -39 41
0 -39 43
0 -37 41
0 -37 43
0 -37 47
0 -36 37
0 -35 37
0 -35 41
0 -35 47
0 -33 37
0 -33 43
0 -31 37
0 -31 41
0 -31 43
0 -31 47
0 -30 31
0 -29 31
0 -29 41
0 -29 47
0 -28 29
0 -27 29
0 -27 31
0 -27 37
0 -27 43
0 -25 29
0 -25 31
0 -25 37
0 -25 41
0 -25 43
0 -25 47
0 -23 29
0 -23 41
0 -22 23
0 -21 23
0 -21 31
0 -21 37
1 -21 43
0 -19 23
0 -19 29
0 -19 31
1 -19 37
1 -19 41
1 -19 47
0 -18 19
0 -17 19
0 -17 23
0 -17 29
2 -17 47
0 -16 17
0 -15 17
0 -15 19
1 -15 31
1 -15 37
2 -15 43
0 -13 17
0 -13 19
0 -13 23
1 -13 29
0 -13 31
3 -13 41
0 -13 43
0 -12 13
0 -11 13
0 -11 17
1 -11 23
2 -11 29
14 -11 41
20 -11 47
0 -10 11
0 -9 11
0 -9 13
1 -9 19
13 -9 31
19 -9 37
0 -7 11
1 -7 13
6 -7 17
0 -7 19
12 -7 23
18 -7 29
0 -7 37
0 -7 43
1 -7 47
0 -6 7
0 -5 7
5 -5 11
11 -5 17
17 -5 23
0 -5 41
41 -5 47
0 -4 5
2 -3 5
4 -3 7
10 -3 13
16 -3 19
2 -3 31
40 -3 43
1 -2 3
0 -1 2
1 -1 3
3 -1 5
0 -1 7
9 -1 11
0 -1 13
15 -1 17
0 -1 19
0 -1 23
1 -1 29
0 -1 31
0 -1 37
39 -1 41
0 -1 43
0 -1 47
0 0 2
0 1 3
2 1 5
8 1 11
14 1 17
0 1 29
38 1 41
0 2 2
1 3 3
1 3 7
7 3 13
13 3 19
1 3 37
37 3 43
0 4 2
3 5 5
0 5 7
0 5 11
0 5 13
6 5 17
12 5 23
0 5 31
0 5 37
0 5 41
36 5 47
0 7 3
1 7 5
2 7 11
5 7 23
11 7 29
0 8 2
0 9 3
3 9 7
0 9 13
1 9 19
4 9 31
10 9 37
0 9 43
0 10 2
2 11 5
0 11 7
3 11 11
2 11 17
0 11 19
0 11 29
0 11 31
3 11 41
9 11 47
0 13 3
0 13 5
1 13 17
2 13 23
1 13 29
0 13 47
0 14 2
1 15 3
4 15 7
9 15 13
0 15 31
1 15 37
0 15 43
0 16 2
1 17 5
0 17 11
0 17 13
0 17 19
3 17 23
8 17 29
2 17 41
0 17 43
0 19 3
1 19 11
13 19 17
0 19 23
2 19 41
7 19 47
0 20 2
4 21 7
0 21 19
0 21 31
12 21 37
0 23 5
0 23 7
0 23 13
1 23 17
0 23 19
15 23 23
3 23 29
0 23 37
0 23 43
1 23 47
0 25 3
2 25 5
0 25 11
2 25 17
0 25 41
14 25 47
0 26 2
1 27 3
10 27 13
0 27 19
1 27 31
1 27 43
0 28 2
0 29 7
2 29 11
0 29 13
3 29 17
0 29 23
0 29 29
0 29 31
0 29 37
9 29 41
0 29 43
2 31 5
0 31 11
0 31 29
1 31 41
2 31 47
1 33 3
0 33 7
1 33 13
3 33 19
1 33 37
0 34 2
1 35 5
0 35 7
0 35 11
0 35 17
8 35 23
0 35 31
0 35 37
0 35 43
0 35 47
0 37 3
1 37 5
1 37 23
4 37 29
0 37 41
0 38 2
0 39 3
1 39 7
0 39 13
1 39 19
2 39 31
0 39 43
0 40 2
0 41 5
1 41 11
3 41 17
0 41 19
0 41 29
0 41 31
0 41 37
2 41 41
0 41 47
0 43 3
1 43 17
1 43 23
0 43 29
0 44 2
2 45 7
2 45 13
3 45 37
1 45 43
1 47 5
1 47 11
0 47 13
0 47 19
0 47 23
0 47 31
2 47 41
0 49 3
4 49 11
0 49 17
0 49 23
1 49 29
1 49 47
0 50 2
